state_groups = {
    schema = {
        any_key = yes
        array = state
    }
	all_desc_states = {
		2
		3
		4
		5
		8
		9
		10
		11
		12
		13
		15
		16
		17
		18
		19
		20
		23
		24
		25
		26
		27
		28
		29
		30
		32
		33
		39
		40
		41
		42
		43
		44
		4/5
		49
		50
		51
		52
		53
		54
		55
		56
		57
		58
		59
		60
		61
		62
		63
		64
		65
		66
		67
		68
		69
		70
		71
		72
		73
		74
		75
		76
		78
		80
		82
		83
		84
		85
		86
		87
		88
		89
		90
		91
		92
		93
		94
		95
		97
		98
		101
		102
		104
		105
		106
		107
		108
		109
		112
		117
		137
		144
		147
		148
		150
		151
		152
		153
		154
		155
		156
		157
		158
		159
		160
		161
		162
		166
		169
		170
		171
		172
		174
		175
		176
		179
		180
		181
		188
		189
		190
		191
		192
		193
		194
		195
		196
		197
		198
		199
		200
		201
		202
		203
		204
		205
		206
		207
		208
		209
		210
		213
		214
		215
		216
		217
		218
		219
		220
		221
		222
		223
		224
		225
		226
		227
		228
		232
		233
		234
		235
		236
		237
		238
		239
		240
		241
		242
		243
		244
		245
		246
		247
		248
		249
		250
		251
		252
		253
		254
		255
		256
		257
		258
		259
		260
		261
		262
		263
		264
		265
		273
		276
		277
		280
		283
		287
		292
		293
		294
		302
		303
		309
		310
		311
		312
		313
		314
		317
		322
		324
		330
		331
		332
		339
		342
		343
		344
		345
		346
		348
		349
		350
		351
		357
		358
		359
		360
		361
		362
		363
		364
		365
		366
		367
		368
		369
		370
		371
		372
		373
		374
		375
		376
		377
		378
		379
		380
		381
		382
		383
		384
		385
		386
		387
		388
		389
		390
		391
		392
		393
		394
		395
		396
		397
		398
		399
		400
		401
		402
		403
		404
		405
		406
		407
		434
		441
		448
		449
		450
		451
		452
		453
		454
		455
		457
		461
		462
		463
		464
		465
		466
		467
		468
		469
		470
		471
		472
		473
		474
		475
		476
		477
		478
		479
		480
		481
		482
		483
		484
		485
		486
		487
		490
		491
		492
		494
		495
		506
		507
		508
		511
		512
		513
		514
		515
		516
		551
		552
		553
		554
		555
		557
		569
		570
		571
		572
		573
		577
		578
		579
		580
		581
		582
		583
		584
		585
		586
		587
		588
		589
		590
		601
		604
		616
		617
		618
		619
		621
		622
		644
		651
		652
		653
		654
		658
		659
		661
		662
		663
		664
		665
		666
		675
		677
		678
		679
		680
		682
		683
		687
		699
		721
		722
		729
		732
		735
		736
		739
		740
		742
		746
		752
		753
		754
		755
		756
		757
		758
		759
		760
		762
		763
		764
		765
		766
		767
		774
		775
		782
		783
		784
		785
		786
		787
		788
		790
		791
		792
		793
		795
		798
		799
		802
		803
		804
		805
		806
		807
		808
		809
		810
		811
		812
		813
		814
		815
		816
		817
		818
		821
		822
		823
		824
		825
		827
		828
		829
		830
		831
		832
		833
		834
		835
		836
		837
		838
		839
		840
		841
		842
		843
		844
		845
		846
		847
		848
		849
		850
		851
		852
		853
		854
		855
		856
		858
		859
		860
		861
		862
		863
		864
		865
		866
		867
		868
		869
		870
		871
		872
		873
		874
		875
		876
		877
		878
		879
		880
		884
		885
		886
		887
		888
		889
		890
		891
		893
		894
		895
		896
		897
		898
		899
		900
		901
		902
		903
		904
		905
		906
		907
		908
		909
		910
		911
		912
		913
		914
		915
		916
		917
		918
		919
		920
		921
		922
		923
		924
		925
		926
		927
		928
		929
		930
		931
		932
		933
		934
		935
		936
		937
		938
		939
		940
		941
		942
		943
		944
		945
		946
		947
		948
		949
		950
		951
		952
		953
		954
		955
		956
		957
		958
		959
		960
		961
		962
		963
		964
		965
		966
		967
		968
		969
		970
		971
		972
		973
		974
		975
		976
		977
		978
		979
		980
		981
		982
		983
		984
		985
		986
		987
		988
		989
		990
		991
		992
		993
		994
		995
		996
		997
		998
		999
		1000
		1001
		1002
		1003
		1004
		1005
		1008
		1009
		1010
		1011
	}
	#The Great Motherland!
    mother_russia = {
		148
		213
		722
		842
		975
		976 
		974 
		973 
		972 
		971 
		970 
		969 
		968 
		967 
		966 
		965 
		150 
		216 
		920 
		215 
		977 
		871 
		214
		979 
		978 
		919 
		897 
		981 
		825 
		916 
		982 
		581 
		947 
		980 
		262 
		884 
		89 
		983 
		984 
		985 
		986 
		999 
		998 
		397 
		400 
		351 
		721 
		995 
		868 
		252 
		256 
		833 
		996 
		813 
		997 
		900 
		399 
		1004 
		1000 
		1003 
		573 
		398 
		1001 
		1002 
		651 
		729 
		954 
		249 
		835 
		993 
		582 
		652 
		251 
		994 
		406 
		407 
		401 
		990 
		829 
		957 
		959 
		958 
		955 
		956 
		960 
		961 
		962 
		964 
		963 
		236 
		953 
		951 
		217 
		238 
		873 
		849 
		218 
		846 
		848 
		850 
		234 
		852 
		853 
		854 
		950 
		245 
		265 
		239 
		952 
		255 
		991 
		938 
		250 
		992 
		912 
		988 
		264 
		867 
		244 
		872 
		922 
		195 
		924 
		1010 
		925 
		1009 
		1011 
		208 
		926 
		928 
		923 
		929 
		263 
		246 
		247 
		248 
		901 
		942 
		253 
		946 
		945 
		219 
		989 
		242 
		931 
		863 
		930 
		210 
		209 
		207 
		904 
		905 
		204 
		194 
		205 
		940 
		939 
		223 
		222 
		933 
		941 
		948 
		254 
		257 
		937 
		258 
		260 
		935 
		934 
		936 
		949 
		240 
		932 
		220 
		228 
		856 
		221 
		874 
		866 
		227 
		847 
		226 
		200 
		869 
		870 
		845 
		865 
		192 
		861 
		858 
		860 
		766 
		859 
		855 
		838 
		839 
		862 
		840 
		843 
		837 
		844 
		864 
		137 
		196 
		197 
		203 
		259 
		878 
		202 
		876 
		879 
		193 
		225 
		880 
		834 
		899 
		898 
		903 
		893 
		895 
		224 
		943 
		243 
		902 
		241 
		896 
		198 
		201 
		199 
		78 
		80 
		91 
		93 
		875 
		891 
		890 
		889 
		73 
		886 
		888 
		887 
		885 
		92 
		918 
		94 
		851 
		95 
		97 
		915 
		5 
		814 
		188 
		763 
		189 
		190 
		11 
		815 
		810 
		784 
		908 
		206 
		907 
		906 
		909 
		910 
		911 
		809 
		808 
		12 
		13 
		191 
		927 
		812 
		811
	}
}